{
 "cells": [
  {
   "cell_type": "code",
   "execution_count": 2,
   "id": "646edf8e",
   "metadata": {},
   "outputs": [],
   "source": [
    "import numpy as np\n",
    "import qutip as qt\n",
    "import matplotlib.pyplot as plt\n",
    "from qiskit.quantum_info import Statevector, DensityMatrix, entropy, partial_trace\n",
    "from qiskit import QuantumRegister, ClassicalRegister\n",
    "from qiskit import QuantumCircuit, execute"
   ]
  },
  {
   "cell_type": "code",
   "execution_count": 86,
   "id": "48532378",
   "metadata": {},
   "outputs": [
    {
     "data": {
      "text/html": [
       "<pre style=\"word-wrap: normal;white-space: pre;background: #fff0;line-height: 1.1;font-family: &quot;Courier New&quot;,Courier,monospace\">     ┌───────┐          \n",
       "q_0: ┤ Ry(π) ├──■────■──\n",
       "     └───────┘┌─┴─┐  │  \n",
       "q_1: ─────────┤ X ├──┼──\n",
       "              └───┘┌─┴─┐\n",
       "q_2: ──────────────┤ X ├\n",
       "                   └───┘</pre>"
      ],
      "text/plain": [
       "     ┌───────┐          \n",
       "q_0: ┤ Ry(π) ├──■────■──\n",
       "     └───────┘┌─┴─┐  │  \n",
       "q_1: ─────────┤ X ├──┼──\n",
       "              └───┘┌─┴─┐\n",
       "q_2: ──────────────┤ X ├\n",
       "                   └───┘"
      ]
     },
     "execution_count": 86,
     "metadata": {},
     "output_type": "execute_result"
    }
   ],
   "source": [
    "def circuit_ghz(theta):\n",
    "    q = QuantumRegister(3,'q')\n",
    "    circuit = QuantumCircuit(q)\n",
    "    circuit.ry(theta,q[0])\n",
    "    circuit.cnot(q[0],q[1])\n",
    "    circuit.cnot(q[0],q[2])\n",
    "    return circuit\n",
    "\n",
    "circuit_ghz(np.pi).draw()"
   ]
  },
  {
   "cell_type": "code",
   "execution_count": 50,
   "id": "ce82daf1",
   "metadata": {},
   "outputs": [],
   "source": [
    "# def circuit_ghz(theta):\n",
    "#     q = QuantumRegister(3,'q')\n",
    "#     circuit = QuantumCircuit(q)\n",
    "#     circuit.ry(theta,q[0])\n",
    "#     circuit.cnot(q[0],q[1])\n",
    "#     circuit.cnot(q[0],q[2])\n",
    "#     return circuit\n",
    "\n",
    "def get_dm_ghz(theta):\n",
    "    state = Statevector.from_int(0, 2**3)\n",
    "    state = state.evolve(circuit_ghz(theta))\n",
    "    return DensityMatrix(state)\n",
    "\n",
    "def circuit_w(theta):\n",
    "    q = QuantumRegister(3,'q')\n",
    "    circuit = QuantumCircuit(q)\n",
    "    circuit.ry(theta,q[0])\n",
    "    circuit.ch(q[0],q[1])\n",
    "    circuit.cnot(q[1],q[2])\n",
    "    circuit.cnot(q[0],q[1])\n",
    "    circuit.x(q[0])\n",
    "    return circuit\n",
    "\n",
    "def get_dm_w(theta):\n",
    "    state = Statevector.from_int(0, 2**3)\n",
    "    state = state.evolve(circuit_w(theta))\n",
    "    return DensityMatrix(state)\n",
    "\n",
    "def get_u(n):\n",
    "    z = np.random.randn(n,n)/np.sqrt(2.0)\n",
    "    q,r = np.linalg.qr(z)\n",
    "    d = np.diagonal(r)\n",
    "    ph = d/np.absolute(d)\n",
    "    q = np.multiply(q,ph,q)\n",
    "    return q\n",
    "\n",
    "def apply_u(dm):\n",
    "    UaUb = qt.Qobj(\n",
    "        np.kron(\n",
    "            np.kron(get_u(2),get_u(2)),get_u(2) )\n",
    "    ,dims = [[2, 2, 2], [2, 2, 2]])\n",
    "    return  UaUb * dm * UaUb.dag() "
   ]
  },
  {
   "cell_type": "code",
   "execution_count": 53,
   "id": "d102a67d",
   "metadata": {},
   "outputs": [
    {
     "data": {
      "text/plain": [
       "[Quantum object: dims = [[2, 2, 2], [2, 2, 2]], shape = (8, 8), type = oper, isherm = True\n",
       " Qobj data =\n",
       " [[0.5 0.5 0.  0.  0.  0.  0.  0. ]\n",
       "  [0.5 0.5 0.  0.  0.  0.  0.  0. ]\n",
       "  [0.  0.  0.  0.  0.  0.  0.  0. ]\n",
       "  [0.  0.  0.  0.  0.  0.  0.  0. ]\n",
       "  [0.  0.  0.  0.  0.  0.  0.  0. ]\n",
       "  [0.  0.  0.  0.  0.  0.  0.  0. ]\n",
       "  [0.  0.  0.  0.  0.  0.  0.  0. ]\n",
       "  [0.  0.  0.  0.  0.  0.  0.  0. ]],\n",
       " Quantum object: dims = [[2, 2, 2], [2, 2, 2]], shape = (8, 8), type = oper, isherm = True\n",
       " Qobj data =\n",
       " [[ 0.14402659  0.03607441 -0.16908413 -0.04235059  0.19037293  0.0476828\n",
       "   -0.22349374 -0.05597859]\n",
       "  [ 0.03607441  0.00903558 -0.04235059 -0.01060757  0.0476828   0.01194313\n",
       "   -0.05597859 -0.01402098]\n",
       "  [-0.16908413 -0.04235059  0.19850114  0.04971868 -0.22349374 -0.05597859\n",
       "    0.26237685  0.06571766]\n",
       "  [-0.04235059 -0.01060757  0.04971868  0.01245306 -0.05597859 -0.01402098\n",
       "    0.06571766  0.01646033]\n",
       "  [ 0.19037293  0.0476828  -0.22349374 -0.05597859  0.25163306  0.06302666\n",
       "   -0.29541182 -0.07399194]\n",
       "  [ 0.0476828   0.01194313 -0.05597859 -0.01402098  0.06302666  0.01578632\n",
       "   -0.07399194 -0.0185328 ]\n",
       "  [-0.22349374 -0.05597859  0.26237685  0.06571766 -0.29541182 -0.07399194\n",
       "    0.34680714  0.08686496]\n",
       "  [-0.05597859 -0.01402098  0.06571766  0.01646033 -0.07399194 -0.0185328\n",
       "    0.08686496  0.02175711]],\n",
       " Quantum object: dims = [[2, 2, 2], [2, 2, 2]], shape = (8, 8), type = oper, isherm = True\n",
       " Qobj data =\n",
       " [[5.00000000e-01 4.99876640e-01 0.00000000e+00 7.85268977e-03\n",
       "   0.00000000e+00 7.85268977e-03 0.00000000e+00 1.23359909e-04]\n",
       "  [4.99876640e-01 4.99753311e-01 0.00000000e+00 7.85075236e-03\n",
       "   0.00000000e+00 7.85075236e-03 0.00000000e+00 1.23329473e-04]\n",
       "  [0.00000000e+00 0.00000000e+00 0.00000000e+00 0.00000000e+00\n",
       "   0.00000000e+00 0.00000000e+00 0.00000000e+00 0.00000000e+00]\n",
       "  [7.85268977e-03 7.85075236e-03 0.00000000e+00 1.23329473e-04\n",
       "   0.00000000e+00 1.23329473e-04 0.00000000e+00 1.93741418e-06]\n",
       "  [0.00000000e+00 0.00000000e+00 0.00000000e+00 0.00000000e+00\n",
       "   0.00000000e+00 0.00000000e+00 0.00000000e+00 0.00000000e+00]\n",
       "  [7.85268977e-03 7.85075236e-03 0.00000000e+00 1.23329473e-04\n",
       "   0.00000000e+00 1.23329473e-04 0.00000000e+00 1.93741418e-06]\n",
       "  [0.00000000e+00 0.00000000e+00 0.00000000e+00 0.00000000e+00\n",
       "   0.00000000e+00 0.00000000e+00 0.00000000e+00 0.00000000e+00]\n",
       "  [1.23359909e-04 1.23329473e-04 0.00000000e+00 1.93741418e-06\n",
       "   0.00000000e+00 1.93741418e-06 0.00000000e+00 3.04353341e-08]],\n",
       " Quantum object: dims = [[2, 2, 2], [2, 2, 2]], shape = (8, 8), type = oper, isherm = True\n",
       " Qobj data =\n",
       " [[ 0.02564596 -0.00936878  0.02690673 -0.00935348  0.09966342 -0.04017201\n",
       "    0.10451765 -0.04023039]\n",
       "  [-0.00936878  0.00342253 -0.00982936  0.00341694 -0.03640826  0.01467532\n",
       "   -0.03818157  0.01469665]\n",
       "  [ 0.02690673 -0.00982936  0.02822949 -0.0098133   0.10456295 -0.04214689\n",
       "    0.10965582 -0.04220815]\n",
       "  [-0.00935348  0.00341694 -0.0098133   0.00341136 -0.03634879  0.01465135\n",
       "   -0.0381192   0.01467265]\n",
       "  [ 0.09966342 -0.03640826  0.10456295 -0.03634879  0.38730455 -0.15611346\n",
       "    0.4061687  -0.15634035]\n",
       "  [-0.04017201  0.01467532 -0.04214689  0.01465135 -0.15611346  0.06292571\n",
       "   -0.16371716  0.06301716]\n",
       "  [ 0.10451765 -0.03818157  0.10965582 -0.0381192   0.4061687  -0.16371716\n",
       "    0.42595166 -0.1639551 ]\n",
       "  [-0.04023039  0.01469665 -0.04220815  0.01467265 -0.15634035  0.06301716\n",
       "   -0.1639551   0.06310875]],\n",
       " Quantum object: dims = [[2, 2, 2], [2, 2, 2]], shape = (8, 8), type = oper, isherm = True\n",
       " Qobj data =\n",
       " [[5.00000000e-01 4.99506682e-01 0.00000000e+00 1.56976299e-02\n",
       "   0.00000000e+00 1.56976299e-02 0.00000000e+00 4.93317893e-04]\n",
       "  [4.99506682e-01 4.99013851e-01 0.00000000e+00 1.56821420e-02\n",
       "   0.00000000e+00 1.56821420e-02 0.00000000e+00 4.92831168e-04]\n",
       "  [0.00000000e+00 0.00000000e+00 0.00000000e+00 0.00000000e+00\n",
       "   0.00000000e+00 0.00000000e+00 0.00000000e+00 0.00000000e+00]\n",
       "  [1.56976299e-02 1.56821420e-02 0.00000000e+00 4.92831168e-04\n",
       "   0.00000000e+00 4.92831168e-04 0.00000000e+00 1.54878434e-05]\n",
       "  [0.00000000e+00 0.00000000e+00 0.00000000e+00 0.00000000e+00\n",
       "   0.00000000e+00 0.00000000e+00 0.00000000e+00 0.00000000e+00]\n",
       "  [1.56976299e-02 1.56821420e-02 0.00000000e+00 4.92831168e-04\n",
       "   0.00000000e+00 4.92831168e-04 0.00000000e+00 1.54878434e-05]\n",
       "  [0.00000000e+00 0.00000000e+00 0.00000000e+00 0.00000000e+00\n",
       "   0.00000000e+00 0.00000000e+00 0.00000000e+00 0.00000000e+00]\n",
       "  [4.93317893e-04 4.92831168e-04 0.00000000e+00 1.54878434e-05\n",
       "   0.00000000e+00 1.54878434e-05 0.00000000e+00 4.86725087e-07]],\n",
       " Quantum object: dims = [[2, 2, 2], [2, 2, 2]], shape = (8, 8), type = oper, isherm = True\n",
       " Qobj data =\n",
       " [[ 0.25835837 -0.23946693 -0.14138621  0.12139632 -0.21043128  0.1827798\n",
       "    0.11518707 -0.09262796]\n",
       "  [-0.23946693  0.22195686  0.1310479  -0.1125197   0.19504433 -0.16941475\n",
       "   -0.10676447  0.08585491]\n",
       "  [-0.14138621  0.1310479   0.07737338 -0.06643395  0.11515819 -0.10002596\n",
       "   -0.06303594  0.05069051]\n",
       "  [ 0.12139632 -0.1125197  -0.06643395  0.05704119 -0.09887655  0.08588379\n",
       "    0.05412361 -0.04352363]\n",
       "  [-0.21043128  0.19504433  0.11515819 -0.09887655  0.17139497 -0.14887301\n",
       "   -0.09381915  0.0754449 ]\n",
       "  [ 0.1827798  -0.16941475 -0.10002596  0.08588379 -0.14887301  0.12931052\n",
       "    0.08149095 -0.06553115]\n",
       "  [ 0.11518707 -0.10676447 -0.06303594  0.05412361 -0.09381915  0.08149095\n",
       "    0.05135526 -0.04129746]\n",
       "  [-0.09262796  0.08585491  0.05069051 -0.04352363  0.0754449  -0.06553115\n",
       "   -0.04129746  0.03320945]],\n",
       " Quantum object: dims = [[2, 2, 2], [2, 2, 2]], shape = (8, 8), type = oper, isherm = True\n",
       " Qobj data =\n",
       " [[5.00000000e-01 4.98890491e-01 0.00000000e+00 2.35270783e-02\n",
       "   0.00000000e+00 2.35270783e-02 0.00000000e+00 1.10950885e-03]\n",
       "  [4.98890491e-01 4.97783444e-01 0.00000000e+00 2.34748713e-02\n",
       "   0.00000000e+00 2.34748713e-02 0.00000000e+00 1.10704683e-03]\n",
       "  [0.00000000e+00 0.00000000e+00 0.00000000e+00 0.00000000e+00\n",
       "   0.00000000e+00 0.00000000e+00 0.00000000e+00 0.00000000e+00]\n",
       "  [2.35270783e-02 2.34748713e-02 0.00000000e+00 1.10704683e-03\n",
       "   0.00000000e+00 1.10704683e-03 0.00000000e+00 5.22070032e-05]\n",
       "  [0.00000000e+00 0.00000000e+00 0.00000000e+00 0.00000000e+00\n",
       "   0.00000000e+00 0.00000000e+00 0.00000000e+00 0.00000000e+00]\n",
       "  [2.35270783e-02 2.34748713e-02 0.00000000e+00 1.10704683e-03\n",
       "   0.00000000e+00 1.10704683e-03 0.00000000e+00 5.22070032e-05]\n",
       "  [0.00000000e+00 0.00000000e+00 0.00000000e+00 0.00000000e+00\n",
       "   0.00000000e+00 0.00000000e+00 0.00000000e+00 0.00000000e+00]\n",
       "  [1.10950885e-03 1.10704683e-03 0.00000000e+00 5.22070032e-05\n",
       "   0.00000000e+00 5.22070032e-05 0.00000000e+00 2.46201977e-06]],\n",
       " Quantum object: dims = [[2, 2, 2], [2, 2, 2]], shape = (8, 8), type = oper, isherm = True\n",
       " Qobj data =\n",
       " [[ 0.28747126 -0.21709267  0.30253485 -0.25179405  0.03305359 -0.01423724\n",
       "    0.03465902 -0.01668063]\n",
       "  [-0.21709267  0.16394414 -0.2284684   0.19014994 -0.02496143  0.01075169\n",
       "   -0.02617382  0.01259689]\n",
       "  [ 0.30253485 -0.2284684   0.31838777 -0.26498814  0.03478561 -0.01498328\n",
       "    0.03647517 -0.0175547 ]\n",
       "  [-0.25179405  0.19014994 -0.26498814  0.22054463 -0.02895141  0.0124703\n",
       "   -0.0303576   0.01461045]\n",
       "  [ 0.03305359 -0.02496143  0.03478561 -0.02895141  0.00380052 -0.00163701\n",
       "    0.00398511 -0.00191795]\n",
       "  [-0.01423724  0.01075169 -0.01498328  0.0124703  -0.00163701  0.00070511\n",
       "   -0.00171652  0.00082612]\n",
       "  [ 0.03465902 -0.02617382  0.03647517 -0.0303576   0.00398511 -0.00171652\n",
       "    0.00417867 -0.0020111 ]\n",
       "  [-0.01668063  0.01259689 -0.0175547   0.01461045 -0.00191795  0.00082612\n",
       "   -0.0020111   0.0009679 ]],\n",
       " Quantum object: dims = [[2, 2, 2], [2, 2, 2]], shape = (8, 8), type = oper, isherm = True\n",
       " Qobj data =\n",
       " [[5.00000000e-01 4.98028675e-01 0.00000000e+00 3.13333084e-02\n",
       "   0.00000000e+00 3.13333084e-02 0.00000000e+00 1.97132467e-03]\n",
       "  [4.98028675e-01 4.96065123e-01 0.00000000e+00 3.12097721e-02\n",
       "   0.00000000e+00 3.12097721e-02 0.00000000e+00 1.96355243e-03]\n",
       "  [0.00000000e+00 0.00000000e+00 0.00000000e+00 0.00000000e+00\n",
       "   0.00000000e+00 0.00000000e+00 0.00000000e+00 0.00000000e+00]\n",
       "  [3.13333084e-02 3.12097721e-02 0.00000000e+00 1.96355243e-03\n",
       "   0.00000000e+00 1.96355243e-03 0.00000000e+00 1.23536248e-04]\n",
       "  [0.00000000e+00 0.00000000e+00 0.00000000e+00 0.00000000e+00\n",
       "   0.00000000e+00 0.00000000e+00 0.00000000e+00 0.00000000e+00]\n",
       "  [3.13333084e-02 3.12097721e-02 0.00000000e+00 1.96355243e-03\n",
       "   0.00000000e+00 1.96355243e-03 0.00000000e+00 1.23536248e-04]\n",
       "  [0.00000000e+00 0.00000000e+00 0.00000000e+00 0.00000000e+00\n",
       "   0.00000000e+00 0.00000000e+00 0.00000000e+00 0.00000000e+00]\n",
       "  [1.97132467e-03 1.96355243e-03 0.00000000e+00 1.23536248e-04\n",
       "   0.00000000e+00 1.23536248e-04 0.00000000e+00 7.77224192e-06]],\n",
       " Quantum object: dims = [[2, 2, 2], [2, 2, 2]], shape = (8, 8), type = oper, isherm = True\n",
       " Qobj data =\n",
       " [[ 0.06847366 -0.12268297 -0.11808513  0.18109229 -0.00791567  0.0234708\n",
       "    0.0140943  -0.03439773]\n",
       "  [-0.12268297  0.21980877  0.21157091 -0.32445966  0.01418236 -0.0420522\n",
       "   -0.02525249  0.06162978]\n",
       "  [-0.11808513  0.21157091  0.20364178 -0.31229976  0.01365084 -0.04047619\n",
       "   -0.02430609  0.05932005]\n",
       "  [ 0.18109229 -0.32445966 -0.31229976  0.4789348  -0.02093457  0.06207324\n",
       "    0.03727519 -0.09097169]\n",
       "  [-0.00791567  0.01418236  0.01365084 -0.02093457  0.00091506 -0.00271326\n",
       "   -0.00162932  0.00397644]\n",
       "  [ 0.0234708  -0.0420522  -0.04047619  0.06207324 -0.00271326  0.00804512\n",
       "    0.00483112 -0.01179056]\n",
       "  [ 0.0140943  -0.02525249 -0.02430609  0.03727519 -0.00162932  0.00483112\n",
       "    0.0029011  -0.00708027]\n",
       "  [-0.03439773  0.06162978  0.05932005 -0.09097169  0.00397644 -0.01179056\n",
       "   -0.00708027  0.0172797 ]],\n",
       " Quantum object: dims = [[2, 2, 2], [2, 2, 2]], shape = (8, 8), type = oper, isherm = True\n",
       " Qobj data =\n",
       " [[5.00000000e-01 4.96922085e-01 0.00000000e+00 3.91086163e-02\n",
       "   0.00000000e+00 3.91086163e-02 0.00000000e+00 3.07791485e-03]\n",
       "  [4.96922085e-01 4.93863117e-01 0.00000000e+00 3.88678703e-02\n",
       "   0.00000000e+00 3.88678703e-02 0.00000000e+00 3.05896773e-03]\n",
       "  [0.00000000e+00 0.00000000e+00 0.00000000e+00 0.00000000e+00\n",
       "   0.00000000e+00 0.00000000e+00 0.00000000e+00 0.00000000e+00]\n",
       "  [3.91086163e-02 3.88678703e-02 0.00000000e+00 3.05896773e-03\n",
       "   0.00000000e+00 3.05896773e-03 0.00000000e+00 2.40745982e-04]\n",
       "  [0.00000000e+00 0.00000000e+00 0.00000000e+00 0.00000000e+00\n",
       "   0.00000000e+00 0.00000000e+00 0.00000000e+00 0.00000000e+00]\n",
       "  [3.91086163e-02 3.88678703e-02 0.00000000e+00 3.05896773e-03\n",
       "   0.00000000e+00 3.05896773e-03 0.00000000e+00 2.40745982e-04]\n",
       "  [0.00000000e+00 0.00000000e+00 0.00000000e+00 0.00000000e+00\n",
       "   0.00000000e+00 0.00000000e+00 0.00000000e+00 0.00000000e+00]\n",
       "  [3.07791485e-03 3.05896773e-03 0.00000000e+00 2.40745982e-04\n",
       "   0.00000000e+00 2.40745982e-04 0.00000000e+00 1.89471197e-05]],\n",
       " Quantum object: dims = [[2, 2, 2], [2, 2, 2]], shape = (8, 8), type = oper, isherm = True\n",
       " Qobj data =\n",
       " [[ 8.55928915e-05  3.62134201e-04 -7.52113666e-03 -2.64808586e-03\n",
       "   -6.14573316e-05 -2.28248135e-04  4.24854320e-03  1.94128185e-03]\n",
       "  [ 3.62134201e-04  1.53215036e-03 -3.18211100e-02 -1.12037628e-02\n",
       "   -2.60019276e-04 -9.65692998e-04  1.79751235e-02  8.21335206e-03]\n",
       "  [-7.52113666e-03 -3.18211100e-02  6.60890124e-01  2.32690067e-01\n",
       "    5.40031984e-03  2.00564017e-02 -3.73323923e-01 -1.70582461e-01]\n",
       "  [-2.64808586e-03 -1.12037628e-02  2.32690067e-01  8.19268819e-02\n",
       "    1.90137625e-03  7.06157542e-03 -1.31442074e-01 -6.00596723e-02]\n",
       "  [-6.14573316e-05 -2.60019276e-04  5.40031984e-03  1.90137625e-03\n",
       "    4.41275384e-05  1.63886522e-04 -3.05053520e-03 -1.39387746e-03]\n",
       "  [-2.28248135e-04 -9.65692998e-04  2.00564017e-02  7.06157542e-03\n",
       "    1.63886522e-04  6.08662825e-04 -1.13294696e-02 -5.17676123e-03]\n",
       "  [ 4.24854320e-03  1.79751235e-02 -3.73323923e-01 -1.31442074e-01\n",
       "   -3.05053520e-03 -1.13294696e-02  2.10883392e-01  9.63587006e-02]\n",
       "  [ 1.94128185e-03  8.21335206e-03 -1.70582461e-01 -6.00596723e-02\n",
       "   -1.39387746e-03 -5.17676123e-03  9.63587006e-02  4.40290678e-02]],\n",
       " Quantum object: dims = [[2, 2, 2], [2, 2, 2]], shape = (8, 8), type = oper, isherm = True\n",
       " Qobj data =\n",
       " [[5.00000000e-01 4.95571813e-01 0.00000000e+00 4.68453286e-02\n",
       "   0.00000000e+00 4.68453286e-02 0.00000000e+00 4.42818732e-03]\n",
       "  [4.95571813e-01 4.91182843e-01 0.00000000e+00 4.64304489e-02\n",
       "   0.00000000e+00 4.64304489e-02 0.00000000e+00 4.38896963e-03]\n",
       "  [0.00000000e+00 0.00000000e+00 0.00000000e+00 0.00000000e+00\n",
       "   0.00000000e+00 0.00000000e+00 0.00000000e+00 0.00000000e+00]\n",
       "  [4.68453286e-02 4.64304489e-02 0.00000000e+00 4.38896963e-03\n",
       "   0.00000000e+00 4.38896963e-03 0.00000000e+00 4.14879780e-04]\n",
       "  [0.00000000e+00 0.00000000e+00 0.00000000e+00 0.00000000e+00\n",
       "   0.00000000e+00 0.00000000e+00 0.00000000e+00 0.00000000e+00]\n",
       "  [4.68453286e-02 4.64304489e-02 0.00000000e+00 4.38896963e-03\n",
       "   0.00000000e+00 4.38896963e-03 0.00000000e+00 4.14879780e-04]\n",
       "  [0.00000000e+00 0.00000000e+00 0.00000000e+00 0.00000000e+00\n",
       "   0.00000000e+00 0.00000000e+00 0.00000000e+00 0.00000000e+00]\n",
       "  [4.42818732e-03 4.38896963e-03 0.00000000e+00 4.14879780e-04\n",
       "   0.00000000e+00 4.14879780e-04 0.00000000e+00 3.92176858e-05]],\n",
       " Quantum object: dims = [[2, 2, 2], [2, 2, 2]], shape = (8, 8), type = oper, isherm = True\n",
       " Qobj data =\n",
       " [[1.45462243e-03 7.85494367e-04 2.86706360e-03 1.34301205e-03\n",
       "   9.24449938e-03 1.65757399e-02 1.90463707e-02 2.68120422e-02]\n",
       "  [7.85494367e-04 4.24166017e-04 1.54821091e-03 7.25224898e-04\n",
       "   4.99201859e-03 8.95087966e-03 1.02850174e-02 1.44784706e-02]\n",
       "  [2.86706360e-03 1.54821091e-03 5.65098788e-03 2.64707934e-03\n",
       "   1.82209261e-02 3.26708152e-02 3.75404333e-02 5.28465867e-02]\n",
       "  [1.34301205e-03 7.25224898e-04 2.64707934e-03 1.23996532e-03\n",
       "   8.53518676e-03 1.53039153e-02 1.75849794e-02 2.47548059e-02]\n",
       "  [9.24449938e-03 4.99201859e-03 1.82209261e-02 8.53518676e-03\n",
       "   5.87511695e-02 1.05343087e-01 1.21044581e-01 1.70397419e-01]\n",
       "  [1.65757399e-02 8.95087966e-03 3.26708152e-02 1.53039153e-02\n",
       "   1.05343087e-01 1.88884172e-01 2.17037549e-01 3.05529069e-01]\n",
       "  [1.90463707e-02 1.02850174e-02 3.75404333e-02 1.75849794e-02\n",
       "   1.21044581e-01 2.17037549e-01 2.49387216e-01 3.51068487e-01]\n",
       "  [2.68120422e-02 1.44784706e-02 5.28465867e-02 2.47548059e-02\n",
       "   1.70397419e-01 3.05529069e-01 3.51068487e-01 4.94207701e-01]],\n",
       " Quantum object: dims = [[2, 2, 2], [2, 2, 2]], shape = (8, 8), type = oper, isherm = True\n",
       " Qobj data =\n",
       " [[5.00000000e-01 4.93979190e-01 0.00000000e+00 5.45358103e-02\n",
       "   0.00000000e+00 5.45358103e-02 0.00000000e+00 6.02080952e-03]\n",
       "  [4.93979190e-01 4.88030881e-01 0.00000000e+00 5.38791109e-02\n",
       "   0.00000000e+00 5.38791109e-02 0.00000000e+00 5.94830922e-03]\n",
       "  [0.00000000e+00 0.00000000e+00 0.00000000e+00 0.00000000e+00\n",
       "   0.00000000e+00 0.00000000e+00 0.00000000e+00 0.00000000e+00]\n",
       "  [5.45358103e-02 5.38791109e-02 0.00000000e+00 5.94830922e-03\n",
       "   0.00000000e+00 5.94830922e-03 0.00000000e+00 6.56699452e-04]\n",
       "  [0.00000000e+00 0.00000000e+00 0.00000000e+00 0.00000000e+00\n",
       "   0.00000000e+00 0.00000000e+00 0.00000000e+00 0.00000000e+00]\n",
       "  [5.45358103e-02 5.38791109e-02 0.00000000e+00 5.94830922e-03\n",
       "   0.00000000e+00 5.94830922e-03 0.00000000e+00 6.56699452e-04]\n",
       "  [0.00000000e+00 0.00000000e+00 0.00000000e+00 0.00000000e+00\n",
       "   0.00000000e+00 0.00000000e+00 0.00000000e+00 0.00000000e+00]\n",
       "  [6.02080952e-03 5.94830922e-03 0.00000000e+00 6.56699452e-04\n",
       "   0.00000000e+00 6.56699452e-04 0.00000000e+00 7.25002944e-05]],\n",
       " Quantum object: dims = [[2, 2, 2], [2, 2, 2]], shape = (8, 8), type = oper, isherm = True\n",
       " Qobj data =\n",
       " [[ 7.50177683e-02  2.17963142e-02  1.63208294e-01  2.32631632e-02\n",
       "   -8.39426947e-02 -1.48832458e-02 -1.85569177e-01 -5.75280036e-03]\n",
       "  [ 2.17963142e-02  6.33289049e-03  4.74199559e-02  6.75908155e-03\n",
       "   -2.43894398e-02 -4.32430754e-03 -5.39168811e-02 -1.67146860e-03]\n",
       "  [ 1.63208294e-01  4.74199559e-02  3.55075177e-01  5.06112255e-02\n",
       "   -1.82625321e-01 -3.23799176e-02 -4.03723406e-01 -1.25157647e-02]\n",
       "  [ 2.32631632e-02  6.75908155e-03  5.06112255e-02  7.21395443e-03\n",
       "   -2.60308011e-02 -4.61532492e-03 -5.75453810e-02 -1.78395514e-03]\n",
       "  [-8.39426947e-02 -2.43894398e-02 -1.82625321e-01 -2.60308011e-02\n",
       "    9.39294269e-02  1.66539179e-02  2.07646497e-01  6.43721580e-03]\n",
       "  [-1.48832458e-02 -4.32430754e-03 -3.23799176e-02 -4.61532492e-03\n",
       "    1.66539179e-02  2.95278052e-03  3.68162335e-02  1.14133416e-03]\n",
       "  [-1.85569177e-01 -5.39168811e-02 -4.03723406e-01 -5.75453810e-02\n",
       "    2.07646497e-01  3.68162335e-02  4.59036844e-01  1.42305277e-02]\n",
       "  [-5.75280036e-03 -1.67146860e-03 -1.25157647e-02 -1.78395514e-03\n",
       "    6.43721580e-03  1.14133416e-03  1.42305277e-02  4.41158311e-04]],\n",
       " Quantum object: dims = [[2, 2, 2], [2, 2, 2]], shape = (8, 8), type = oper, isherm = True\n",
       " Qobj data =\n",
       " [[5.00000000e-01 4.92145790e-01 0.00000000e+00 6.21724718e-02\n",
       "   0.00000000e+00 6.21724718e-02 0.00000000e+00 7.85420972e-03]\n",
       "  [4.92145790e-01 4.84414958e-01 0.00000000e+00 6.11958405e-02\n",
       "   0.00000000e+00 6.11958405e-02 0.00000000e+00 7.73083250e-03]\n",
       "  [0.00000000e+00 0.00000000e+00 0.00000000e+00 0.00000000e+00\n",
       "   0.00000000e+00 0.00000000e+00 0.00000000e+00 0.00000000e+00]\n",
       "  [6.21724718e-02 6.11958405e-02 0.00000000e+00 7.73083250e-03\n",
       "   0.00000000e+00 7.73083250e-03 0.00000000e+00 9.76631264e-04]\n",
       "  [0.00000000e+00 0.00000000e+00 0.00000000e+00 0.00000000e+00\n",
       "   0.00000000e+00 0.00000000e+00 0.00000000e+00 0.00000000e+00]\n",
       "  [6.21724718e-02 6.11958405e-02 0.00000000e+00 7.73083250e-03\n",
       "   0.00000000e+00 7.73083250e-03 0.00000000e+00 9.76631264e-04]\n",
       "  [0.00000000e+00 0.00000000e+00 0.00000000e+00 0.00000000e+00\n",
       "   0.00000000e+00 0.00000000e+00 0.00000000e+00 0.00000000e+00]\n",
       "  [7.85420972e-03 7.73083250e-03 0.00000000e+00 9.76631264e-04\n",
       "   0.00000000e+00 9.76631264e-04 0.00000000e+00 1.23377221e-04]],\n",
       " Quantum object: dims = [[2, 2, 2], [2, 2, 2]], shape = (8, 8), type = oper, isherm = True\n",
       " Qobj data =\n",
       " [[ 1.12519113e-05  1.19988889e-05  3.67750942e-04 -2.64154738e-04\n",
       "    1.16714299e-04  2.34330251e-04  1.47646441e-03 -2.96616625e-03]\n",
       "  [ 1.19988889e-05  1.27954559e-05  3.92164723e-04 -2.81691107e-04\n",
       "    1.24462580e-04  2.49886669e-04  1.57448205e-03 -3.16308032e-03]\n",
       "  [ 3.67750942e-04  3.92164723e-04  1.20193584e-02 -8.63348021e-03\n",
       "    3.81462244e-03  7.65871397e-03  4.82559063e-02 -9.69444568e-02]\n",
       "  [-2.64154738e-04 -2.81691107e-04 -8.63348021e-03  6.20141092e-03\n",
       "   -2.74003538e-03 -5.50123835e-03 -3.46621173e-02  6.96350021e-02]\n",
       "  [ 1.16714299e-04  1.24462580e-04  3.81462244e-03 -2.74003538e-03\n",
       "    1.21065899e-03  2.43067068e-03  1.53151322e-02 -3.07675741e-02]\n",
       "  [ 2.34330251e-04  2.49886669e-04  7.65871397e-03 -5.50123835e-03\n",
       "    2.43067068e-03  4.88011902e-03  3.07485783e-02 -6.17728367e-02]\n",
       "  [ 1.47646441e-03  1.57448205e-03  4.82559063e-02 -3.46621173e-02\n",
       "    1.53151322e-02  3.07485783e-02  1.93740165e-01 -3.89217332e-01]\n",
       "  [-2.96616625e-03 -3.16308032e-03 -9.69444568e-02  6.96350021e-02\n",
       "   -3.07675741e-02 -6.17728367e-02 -3.89217332e-01  7.81924240e-01]],\n",
       " Quantum object: dims = [[2, 2, 2], [2, 2, 2]], shape = (8, 8), type = oper, isherm = True\n",
       " Qobj data =\n",
       " [[5.00000000e-01 4.90073421e-01 0.00000000e+00 6.97477765e-02\n",
       "   0.00000000e+00 6.97477765e-02 0.00000000e+00 9.92657858e-03]\n",
       "  [4.90073421e-01 4.80343917e-01 0.00000000e+00 6.83630629e-02\n",
       "   0.00000000e+00 6.83630629e-02 0.00000000e+00 9.72950466e-03]\n",
       "  [0.00000000e+00 0.00000000e+00 0.00000000e+00 0.00000000e+00\n",
       "   0.00000000e+00 0.00000000e+00 0.00000000e+00 0.00000000e+00]\n",
       "  [6.97477765e-02 6.83630629e-02 0.00000000e+00 9.72950466e-03\n",
       "   0.00000000e+00 9.72950466e-03 0.00000000e+00 1.38471357e-03]\n",
       "  [0.00000000e+00 0.00000000e+00 0.00000000e+00 0.00000000e+00\n",
       "   0.00000000e+00 0.00000000e+00 0.00000000e+00 0.00000000e+00]\n",
       "  [6.97477765e-02 6.83630629e-02 0.00000000e+00 9.72950466e-03\n",
       "   0.00000000e+00 9.72950466e-03 0.00000000e+00 1.38471357e-03]\n",
       "  [0.00000000e+00 0.00000000e+00 0.00000000e+00 0.00000000e+00\n",
       "   0.00000000e+00 0.00000000e+00 0.00000000e+00 0.00000000e+00]\n",
       "  [9.92657858e-03 9.72950466e-03 0.00000000e+00 1.38471357e-03\n",
       "   0.00000000e+00 1.38471357e-03 0.00000000e+00 1.97073925e-04]],\n",
       " Quantum object: dims = [[2, 2, 2], [2, 2, 2]], shape = (8, 8), type = oper, isherm = True\n",
       " Qobj data =\n",
       " [[ 6.06450104e-06 -9.36923753e-05  1.15952882e-03  5.27759106e-04\n",
       "    2.77970663e-06  1.79948375e-04 -1.74701999e-03 -1.16111207e-03]\n",
       "  [-9.36923753e-05  1.44748284e-03 -1.79139237e-02 -8.15351566e-03\n",
       "   -4.29445580e-05 -2.78007879e-03  2.69902589e-02  1.79383840e-02]\n",
       "  [ 1.15952882e-03 -1.79139237e-02  2.21701186e-01  1.00907212e-01\n",
       "    5.31478174e-04  3.44060171e-02 -3.34029133e-01 -2.22003904e-01]\n",
       "  [ 5.27759106e-04 -8.15351566e-03  1.00907212e-01  4.59278796e-02\n",
       "    2.41902092e-04  1.56598858e-02 -1.52033235e-01 -1.01044994e-01]\n",
       "  [ 2.77970663e-06 -4.29445580e-05  5.31478174e-04  2.41902092e-04\n",
       "    1.27409805e-06  8.24806013e-05 -8.00758881e-04 -5.32203871e-04]\n",
       "  [ 1.79948375e-04 -2.78007879e-03  3.44060171e-02  1.56598858e-02\n",
       "    8.24806013e-05  5.33950238e-03 -5.18382976e-02 -3.44529962e-02]\n",
       "  [-1.74701999e-03  2.69902589e-02 -3.34029133e-01 -1.52033235e-01\n",
       "   -8.00758881e-04 -5.18382976e-02  5.03269575e-01  3.34485227e-01]\n",
       "  [-1.16111207e-03  1.79383840e-02 -2.22003904e-01 -1.01044994e-01\n",
       "   -5.32203871e-04 -3.44529962e-02  3.34485227e-01  2.22307035e-01]],\n",
       " Quantum object: dims = [[2, 2, 2], [2, 2, 2]], shape = (8, 8), type = oper, isherm = True\n",
       " Qobj data =\n",
       " [[5.00000000e-01 4.87764129e-01 0.00000000e+00 7.72542486e-02\n",
       "   0.00000000e+00 7.72542486e-02 0.00000000e+00 1.22358709e-02]\n",
       "  [4.87764129e-01 4.75827691e-01 0.00000000e+00 7.53637026e-02\n",
       "   0.00000000e+00 7.53637026e-02 0.00000000e+00 1.19364379e-02]\n",
       "  [0.00000000e+00 0.00000000e+00 0.00000000e+00 0.00000000e+00\n",
       "   0.00000000e+00 0.00000000e+00 0.00000000e+00 0.00000000e+00]\n",
       "  [7.72542486e-02 7.53637026e-02 0.00000000e+00 1.19364379e-02\n",
       "   0.00000000e+00 1.19364379e-02 0.00000000e+00 1.89054603e-03]\n",
       "  [0.00000000e+00 0.00000000e+00 0.00000000e+00 0.00000000e+00\n",
       "   0.00000000e+00 0.00000000e+00 0.00000000e+00 0.00000000e+00]\n",
       "  [7.72542486e-02 7.53637026e-02 0.00000000e+00 1.19364379e-02\n",
       "   0.00000000e+00 1.19364379e-02 0.00000000e+00 1.89054603e-03]\n",
       "  [0.00000000e+00 0.00000000e+00 0.00000000e+00 0.00000000e+00\n",
       "   0.00000000e+00 0.00000000e+00 0.00000000e+00 0.00000000e+00]\n",
       "  [1.22358709e-02 1.19364379e-02 0.00000000e+00 1.89054603e-03\n",
       "   0.00000000e+00 1.89054603e-03 0.00000000e+00 2.99433075e-04]],\n",
       " Quantum object: dims = [[2, 2, 2], [2, 2, 2]], shape = (8, 8), type = oper, isherm = True\n",
       " Qobj data =\n",
       " [[ 9.21879320e-05  1.59205924e-04 -1.24770757e-03 -9.62138209e-04\n",
       "   -2.38335027e-05  1.79872128e-03 -3.78579241e-03 -8.49137282e-03]\n",
       "  [ 1.59205924e-04  2.74944080e-04 -2.15475531e-03 -1.66158519e-03\n",
       "   -4.11597780e-05  3.10634024e-03 -6.53795529e-03 -1.46643582e-02]\n",
       "  [-1.24770757e-03 -2.15475531e-03  1.68869627e-02  1.30219552e-02\n",
       "    3.22571957e-04 -2.43445980e-02  5.12383967e-02  1.14925564e-01]\n",
       "  [-9.62138209e-04 -1.66158519e-03  1.30219552e-02  1.00415522e-02\n",
       "    2.48743226e-04 -1.87727225e-02  3.95111968e-02  8.86219493e-02]\n",
       "  [-2.38335027e-05 -4.11597780e-05  3.22571957e-04  2.48743226e-04\n",
       "    6.16171594e-06 -4.65026468e-04  9.78747343e-04  2.19528904e-03]\n",
       "  [ 1.79872128e-03  3.10634024e-03 -2.43445980e-02 -1.87727225e-02\n",
       "   -4.65026468e-04  3.50956808e-02 -7.38663425e-02 -1.65679093e-01]\n",
       "  [-3.78579241e-03 -6.53795529e-03  5.12383967e-02  3.95111968e-02\n",
       "    9.78747343e-04 -7.38663425e-02  1.55467466e-01  3.48706973e-01]\n",
       "  [-8.49137282e-03 -1.46643582e-02  1.14925564e-01  8.86219493e-02\n",
       "    2.19528904e-03 -1.65679093e-01  3.48706973e-01  7.82135045e-01]],\n",
       " Quantum object: dims = [[2, 2, 2], [2, 2, 2]], shape = (8, 8), type = oper, isherm = True\n",
       " Qobj data =\n",
       " [[5.00000000e-01 4.85220192e-01 0.00000000e+00 8.46844801e-02\n",
       "   0.00000000e+00 8.46844801e-02 0.00000000e+00 1.47798078e-02]\n",
       "  [4.85220192e-01 4.70877270e-01 0.00000000e+00 8.21812394e-02\n",
       "   0.00000000e+00 8.21812394e-02 0.00000000e+00 1.43429223e-02]\n",
       "  [0.00000000e+00 0.00000000e+00 0.00000000e+00 0.00000000e+00\n",
       "   0.00000000e+00 0.00000000e+00 0.00000000e+00 0.00000000e+00]\n",
       "  [8.46844801e-02 8.21812394e-02 0.00000000e+00 1.43429223e-02\n",
       "   0.00000000e+00 1.43429223e-02 0.00000000e+00 2.50324067e-03]\n",
       "  [0.00000000e+00 0.00000000e+00 0.00000000e+00 0.00000000e+00\n",
       "   0.00000000e+00 0.00000000e+00 0.00000000e+00 0.00000000e+00]\n",
       "  [8.46844801e-02 8.21812394e-02 0.00000000e+00 1.43429223e-02\n",
       "   0.00000000e+00 1.43429223e-02 0.00000000e+00 2.50324067e-03]\n",
       "  [0.00000000e+00 0.00000000e+00 0.00000000e+00 0.00000000e+00\n",
       "   0.00000000e+00 0.00000000e+00 0.00000000e+00 0.00000000e+00]\n",
       "  [1.47798078e-02 1.43429223e-02 0.00000000e+00 2.50324067e-03\n",
       "   0.00000000e+00 2.50324067e-03 0.00000000e+00 4.36885435e-04]],\n",
       " Quantum object: dims = [[2, 2, 2], [2, 2, 2]], shape = (8, 8), type = oper, isherm = True\n",
       " Qobj data =\n",
       " [[ 0.01320335 -0.01723252  0.02541528 -0.02344419  0.04134628 -0.03344643\n",
       "    0.082799   -0.04304232]\n",
       "  [-0.01723252  0.02249124 -0.03317107  0.03059849 -0.05396362  0.04365304\n",
       "   -0.10806617  0.05617724]\n",
       "  [ 0.02541528 -0.03317107  0.04892216 -0.04512799  0.07958792 -0.06438142\n",
       "    0.15938074 -0.08285266]\n",
       "  [-0.02344419  0.03059849 -0.04512799  0.04162809 -0.07341547  0.05938831\n",
       "   -0.14701995  0.07642701]\n",
       "  [ 0.04134628 -0.05396362  0.07958792 -0.07341547  0.12947584 -0.10473748\n",
       "    0.25928501 -0.134787  ]\n",
       "  [-0.03344643  0.04365304 -0.06438142  0.05938831 -0.10473748  0.08472577\n",
       "   -0.2097446   0.10903386]\n",
       "  [ 0.082799   -0.10806617  0.15938074 -0.14701995  0.25928501 -0.2097446\n",
       "    0.51923753 -0.26992101]\n",
       "  [-0.04304232  0.05617724 -0.08285266  0.07642701 -0.134787    0.10903386\n",
       "   -0.26992101  0.14031603]],\n",
       " Quantum object: dims = [[2, 2, 2], [2, 2, 2]], shape = (8, 8), type = oper, isherm = True\n",
       " Qobj data =\n",
       " [[0.5        0.48244412 0.         0.09203114 0.         0.09203114\n",
       "   0.         0.01755588]\n",
       "  [0.48244412 0.46550466 0.         0.08879976 0.         0.08879976\n",
       "   0.         0.01693946]\n",
       "  [0.         0.         0.         0.         0.         0.\n",
       "   0.         0.        ]\n",
       "  [0.09203114 0.08879976 0.         0.01693946 0.         0.01693946\n",
       "   0.         0.00323137]\n",
       "  [0.         0.         0.         0.         0.         0.\n",
       "   0.         0.        ]\n",
       "  [0.09203114 0.08879976 0.         0.01693946 0.         0.01693946\n",
       "   0.         0.00323137]\n",
       "  [0.         0.         0.         0.         0.         0.\n",
       "   0.         0.        ]\n",
       "  [0.01755588 0.01693946 0.         0.00323137 0.         0.00323137\n",
       "   0.         0.00061642]],\n",
       " Quantum object: dims = [[2, 2, 2], [2, 2, 2]], shape = (8, 8), type = oper, isherm = True\n",
       " Qobj data =\n",
       " [[0.04264118 0.05945233 0.01038669 0.026605   0.06097176 0.16319855\n",
       "   0.00819111 0.07780878]\n",
       "  [0.05945233 0.08289121 0.0144816  0.03709393 0.08500968 0.22753904\n",
       "   0.01142043 0.10848464]\n",
       "  [0.01038669 0.0144816  0.00253003 0.00648054 0.01485171 0.03975247\n",
       "   0.00199522 0.01895293]\n",
       "  [0.026605   0.03709393 0.00648054 0.01659959 0.03804195 0.10182404\n",
       "   0.00511066 0.04854702]\n",
       "  [0.06097176 0.08500968 0.01485171 0.03804195 0.08718229 0.23335431\n",
       "   0.01171231 0.1112572 ]\n",
       "  [0.16319855 0.22753904 0.03975247 0.10182404 0.23335431 0.62460197\n",
       "   0.03134946 0.29779381]\n",
       "  [0.00819111 0.01142043 0.00199522 0.00511066 0.01171231 0.03134946\n",
       "   0.00157346 0.0149466 ]\n",
       "  [0.07780878 0.10848464 0.01895293 0.04854702 0.1112572  0.29779381\n",
       "   0.0149466  0.14198026]],\n",
       " Quantum object: dims = [[2, 2, 2], [2, 2, 2]], shape = (8, 8), type = oper, isherm = True\n",
       " Qobj data =\n",
       " [[0.5        0.47943866 0.         0.09928697 0.         0.09928697\n",
       "   0.         0.02056134]\n",
       "  [0.47943866 0.45972285 0.         0.09520403 0.         0.09520403\n",
       "   0.         0.01971581]\n",
       "  [0.         0.         0.         0.         0.         0.\n",
       "   0.         0.        ]\n",
       "  [0.09928697 0.09520403 0.         0.01971581 0.         0.01971581\n",
       "   0.         0.00408295]\n",
       "  [0.         0.         0.         0.         0.         0.\n",
       "   0.         0.        ]\n",
       "  [0.09928697 0.09520403 0.         0.01971581 0.         0.01971581\n",
       "   0.         0.00408295]\n",
       "  [0.         0.         0.         0.         0.         0.\n",
       "   0.         0.        ]\n",
       "  [0.02056134 0.01971581 0.         0.00408295 0.         0.00408295\n",
       "   0.         0.00084554]],\n",
       " Quantum object: dims = [[2, 2, 2], [2, 2, 2]], shape = (8, 8), type = oper, isherm = True\n",
       " Qobj data =\n",
       " [[ 0.42503093  0.31024335 -0.27983204 -0.1165433   0.12772449  0.16953574\n",
       "   -0.08059752 -0.06847276]\n",
       "  [ 0.31024335  0.22645632 -0.20425815 -0.08506859  0.09323009  0.12374944\n",
       "   -0.05883065 -0.04998041]\n",
       "  [-0.27983204 -0.20425815  0.18423593  0.07672982 -0.0840913  -0.11161901\n",
       "    0.05306383  0.04508113]\n",
       "  [-0.1165433  -0.08506859  0.07672982  0.03195612 -0.035022   -0.04648663\n",
       "    0.0220998   0.0187752 ]\n",
       "  [ 0.12772449  0.09323009 -0.0840913  -0.035022    0.03838202  0.05094656\n",
       "   -0.02422006 -0.0205765 ]\n",
       "  [ 0.16953574  0.12374944 -0.11161901 -0.04648663  0.05094656  0.06762418\n",
       "   -0.03214862 -0.02731232]\n",
       "  [-0.08059752 -0.05883065  0.05306383  0.0220998  -0.02422006 -0.03214862\n",
       "    0.0152835   0.01298431]\n",
       "  [-0.06847276 -0.04998041  0.04508113  0.0187752  -0.0205765  -0.02731232\n",
       "    0.01298431  0.01103101]],\n",
       " Quantum object: dims = [[2, 2, 2], [2, 2, 2]], shape = (8, 8), type = oper, isherm = True\n",
       " Qobj data =\n",
       " [[0.5        0.47620676 0.         0.10644482 0.         0.10644482\n",
       "   0.         0.02379324]\n",
       "  [0.47620676 0.45354576 0.         0.10137949 0.         0.10137949\n",
       "   0.         0.022661  ]\n",
       "  [0.         0.         0.         0.         0.         0.\n",
       "   0.         0.        ]\n",
       "  [0.10644482 0.10137949 0.         0.022661   0.         0.022661\n",
       "   0.         0.00506533]\n",
       "  [0.         0.         0.         0.         0.         0.\n",
       "   0.         0.        ]\n",
       "  [0.10644482 0.10137949 0.         0.022661   0.         0.022661\n",
       "   0.         0.00506533]\n",
       "  [0.         0.         0.         0.         0.         0.\n",
       "   0.         0.        ]\n",
       "  [0.02379324 0.022661   0.         0.00506533 0.         0.00506533\n",
       "   0.         0.00113224]],\n",
       " Quantum object: dims = [[2, 2, 2], [2, 2, 2]], shape = (8, 8), type = oper, isherm = True\n",
       " Qobj data =\n",
       " [[ 0.02223708 -0.01297976 -0.00883538  0.00643019 -0.05552109  0.11472722\n",
       "    0.01389212 -0.07082928]\n",
       "  [-0.01297976  0.00757628  0.0051572  -0.0037533   0.03240762 -0.06696618\n",
       "   -0.00810882  0.04134299]\n",
       "  [-0.00883538  0.0051572   0.00351053 -0.00255488  0.02205999 -0.04558415\n",
       "   -0.00551971  0.02814234]\n",
       "  [ 0.00643019 -0.0037533  -0.00255488  0.00185939 -0.01605477  0.03317512\n",
       "    0.00401712 -0.02048137]\n",
